Name,Time
SIA GUPTA,16:42:17
HARRY POTTER,09:18:26